[person_feature]
radar1_person_length_coef = 0.08659449985558705
radar1_person_length_intercept = 0.58628635137973
radar1_person_width_max = 0.7676762507780439
radar2_person_length_coef = 0.05235903519008443
radar2_person_length_intercept = 0.6214958774834171
radar2_person_width_max = 0.5022194569114856
radar1_person_width_min = 0.6176762507780439
radar1_person_points = 192.20773759461733
radar2_person_width_min = 0.3522194569114856
radar2_person_points = 160.62348877374785

[radar_params]
zmax = 2.3
radar_num = 2
radar1x = 0
radar1y = 0
radar2x = 6.324707105612734
radar2y = 5.0356180468985405
radar1dx = 0.7355772372604855
radar1dy = 0.6081075507114193
radar2dx = -0.8044160010320172
radar2dy = -0.5940664081427748
radar1_tilt = 4
radar2_tilt = 26.0
radar1_height = 1.4
radar2_height = 2.548345365853659

