[person_feature]
radar1_person_length_coef = 0.07170955371127935
radar1_person_length_intercept = 0.854697973303214
radar1_person_width_max = 0.669716882888276
radar2_person_length_coef = 0.036155184138141956
radar2_person_length_intercept = 0.7509628457586837
radar2_person_width_max = 0.5127179499725482
radar1_person_width_min = 0.519716882888276
radar1_person_points = 260.44112478031633
radar2_person_width_min = 0.36271794997254814
radar2_person_points = 172.54642857142858

[radar_params]
zmax = 2
radar_num = 2
radar1x = 0
radar1y = 0
radar2x = 5.79645800098688
radar2y = 6.373382661986449
radar1dx = 0.65528964095712
radar1dy = 0.7440341613058842
radar2dx = -0.7064320673116533
radar2dy = -0.7077808518699722
radar1_tilt = 18
radar2_tilt = 12.0
radar1_height = 1.925
radar2_height = 1.955




