[person_feature]
radar1_person_length_coef = 0.06404013650084245
radar1_person_length_intercept = 0.5871657212394338
radar1_person_width_max = 0.6705745268515062
radar1_person_width_min = 0.5205745268515062
radar1_person_points = 233.6446140797286

[radar_params]
zmax = 2.3
radar_num = 1
radar1x = 0
radar1y = 0
radar1dx = 0
radar1dy = 1
radar1_tilt = 26.0
radar1_height = 2.548345365853659

