[person_feature]
radar1_person_length_coef = 0.11272395113479941
radar1_person_length_intercept = 0.4926215255119137
radar1_person_width_max = 0.578550795529787
radar2_person_length_coef = 0.1498422074906741
radar2_person_length_intercept = 0.5684625706058396
radar2_person_width_max = 0.8049679312310043
radar1_person_width_min = 0.4285507955297871
radar1_person_points = 223.62214708368555
radar2_person_width_min = 0.6549679312310043
radar2_person_points = 309.7052364864865

[radar_params]
zmax = 2
radar_num = 2
radar1x = 0
radar1y = 0
radar2x = 7.577896724725612
radar2y = 4.195631677337079
radar1dx = 0.7435118216868104
radar1dy = 0.6622764109751457
radar2dx = -0.6844335053860758
radar2dy = -0.7290752887767686
radar1_tilt = 20.0
radar2_tilt = 24.0
radar1_height = 2.438902559867878
radar2_height = 2.7000310663308142



