[person_feature]
radar1_person_length_coef = 0.08292240923799052
radar1_person_length_intercept = 0.8834322191150599
radar1_person_width_max = 0.7596513547563377
radar2_person_length_coef = 0.07495201201772322
radar2_person_length_intercept = 0.6882074707514091
radar2_person_width_max = 0.5917594747902716
radar1_person_width_min = 0.6096513547563377
radar1_person_points = 326.09924937447875
radar2_person_width_min = 0.44175947479027156
radar2_person_points = 251.103066439523

[radar_params]
zmax = 2
radar_num = 2
radar1x = 0
radar1y = 0
radar2x = 5.859874622358421
radar2y = 6.186731284673774
radar1dx = 0.6212715695959882
radar1dy = 0.7440067500587677
radar2dx = -0.5781361570333671
radar2dy = -0.815940306597664
radar1_tilt = 14
radar2_tilt = 13
radar1_height = 1.75
radar2_height = 1.81



